1
2
3
4
5
6
7
8
9
10
11
12
13
14
15
16
17
18
19
20
1
26
1
21
22
23
24
25
26
27
28
29
30
31
27
1
2
2
3
4
5
6
7
8
9
10
11
12
13
14
15
16
17
18
2
28
2
19
20
21
22
23
24
25
29
2
3
2
3
4
5
6
7
8
9
10
11
12
13
14
15
16
3
30
3
17
18
19
20
21
22
23
24
31
3
4
2
3
4
5
6
7
8
9
10
11
12
13
14
15
16
17
18
4
32
4
19
20
21
22
23
24
25
26
33
4
5
2
3
4
5
6
7
8
9
10
11
12
13
14
15
16
17
18
19
20
21
22
23
24
25
26
5
34
5
27
28
29
30
31
32
35
5
6
2
3
4
5
6
7
8
9
10
11
12
13
14
15
16
17
6
36
6
18
19
20
21
22
37
6
7
2
3
4
5
6
7
8
9
10
11
12
13
14
15
16
17
18
19
7
38
7
20
21
22
23
24
39
7
8
2
3
4
5
6
7
8
9
10
11
12
13
14
15
16
17
18
8
40
8
19
20
21
22
41
8
9
2
3
4
5
6
7
8
9
10
11
12
13
14
15
16
17
18
19
20
9
42
9
21
22
23
24
25
26
27
28
29
43
9
10
2
3
4
5
6
7
8
9
10
11
12
13
14
15
16
17
18
19
20
21
22
23
24
10
44
10
25
26
27
28
29
30
31
32
45
10
11
2
3
4
5
6
7
8
9
10
11
12
13
14
15
16
17
18
19
20
21
11
46
11
22
23
24
25
26
27
28
29
30
31
32
47
11
12
2
3
4
5
6
7
8
9
10
11
12
13
14
15
16
17
12
48
12
18
19
20
49
12
13
2
3
4
5
6
7
8
9
10
11
12
13
14
15
16
17
18
13
50
13
14
2
3
4
5
6
7
8
9
10
11
12
13
14
15
16
17
14
51
14
18
19
20
21
22
23
24
52
14
15
2
3
4
5
6
7
8
9
10
11
12
13
14
15
16
17
18
19
20
21
15
53
15
16
2
3
4
5
6
7
8
9
10
11
12
13
14
15
16
16
54
16
17
2
3
4
5
6
7
8
9
10
11
12
13
14
15
16
17
18
19
17
55
17
20
21
22
23
24
25
26
27
56
17
18
2
3
4
5
6
7
8
9
10
11
12
13
14
15
16
17
18
18
57
18
19
20
21
22
23
24
25
26
27
28
29
30
31
32
33
58
18
19
2
3
4
5
6
7
8
9
10
11
12
13
14
15
16
19
59
19
17
18
19
20
21
22
23
24
25
26
27
28
29
30
31
32
33
34
60
19
35
36
37
38
61
19
20
2
3
4
5
6
7
8
9
10
11
12
13
14
15
16
20
62
20
17
18
63
20
21
2
3
4
5
6
7
8
9
10
11
12
13
14
15
16
17
18
19
21
64
21
20
21
22
23
24
25
26
27
28
29
30
31
32
33
34
65
21
22
2
3
4
5
6
7
8
9
10
11
12
13
14
15
16
22
66
22
17
18
19
20
21
22
23
24
67
22
23
2
3
4
5
6
7
8
9
10
11
12
13
14
15
16
17
23
68
23
18
19
20
69
23
24
2
3
4
5
6
7
8
9
10
11
12
13
14
15
24
70
24
16
17
18
19
20
21
22
23
24
25
26
27
28
29
30
31
32
33
34
71
24
35
36
37
38
39
40
41
42
43
44
45
46
47
48
49
50
72
24
51
52
53
54
55
56
57
58
59
60
61
62
63
64
65
66
67
73
24
25
2
3
4
5
6
7
8
9
10
11
12
13
14
15
16
17
18
19
20
21
25
74
25
22
23
24
25
26
27
28
29
30
31
32
33
34
75
25
26
2
3
4
5
6
7
8
9
10
11
12
13
14
15
16
17
18
26
76
26
19
20
21
22
23
24
25
26
27
28
29
30
31
32
33
34
35
77
26
27
2
3
4
5
6
7
8
9
10
11
12
13
14
15
16
17
18
27
78
27
19
20
21
22
23
24
25
26
27
28
29
30
31
32
33
34
35
36
79
27
37
38
39
40
41
42
43
44
45
46
80
27
28
2
3
4
5
6
7
8
9
10
11
12
13
14
15
16
17
28
81
28
18
19
20
21
22
82
28
29
2
3
4
5
6
7
8
9
10
11
12
13
14
15
16
17
18
19
29
83
29
20
21
22
23
24
25
26
27
28
29
30
31
32
33
34
35
84
29
30
2
3
4
5
6
7
8
9
10
11
12
13
14
15
16
17
18
19
20
21
30
85
30
22
23
24
25
26
27
28
29
30
31
32
33
34
35
36
37
38
39
40
86
30
41
42
43
87
30
31
2
3
4
5
6
7
8
9
10
11
12
13
14
15
16
17
18
19
20
21
22
31
88
31
23
24
25
26
27
28
29
30
31
32
33
34
35
36
37
38
39
40
89
31
41
42
43
44
45
46
47
48
49
50
51
52
53
54
55
90
31
32
2
3
4
5
6
7
8
9
10
11
12
13
14
15
16
17
18
32
91
32
19
20
21
22
23
24
25
26
27
28
29
30
31
32
92
32
33
2
3
4
5
6
7
8
9
10
11
12
13
14
15
16
17
18
33
93
33
19
20
94
33
34
2
3
4
5
6
7
8
9
10
11
12
13
14
15
16
17
18
19
34
95
34
20
21
22
23
24
25
26
27
28
29
30
31
96
34
35
2
3
4
5
6
7
8
9
10
11
12
13
14
15
16
17
18
19
35
97
35
20
21
22
23
24
25
26
27
28
29
98
35
36
2
3
4
5
6
7
8
9
10
11
12
13
14
15
16
17
18
19
20
36
99
36
21
22
23
24
25
26
27
28
29
30
31
32
33
34
35
36
37
38
39
40
41
42
43
100
36
37
2
3
4
5
6
7
8
9
10
11
12
13
14
15
16
17
18
19
37
101
37
20
21
22
23
24
25
26
27
28
29
30
31
32
33
34
35
36
102
37
38
2
3
4
5
6
7
8
9
10
11
12
13
14
15
16
17
18
38
103
38
19
20
21
22
23
24
25
26
27
28
29
30
104
38
39
2
3
4
5
6
7
8
9
10
11
12
13
14
15
16
39
105
39
17
18
19
20
21
22
23
106
39
40
2
3
4
5
6
7
8
9
10
11
12
13
14
15
16
17
40
107
40
18
19
20
21
22
23
108
40
41
2
3
4
5
6
7
8
9
10
11
12
13
14
15
16
17
18
41
109
41
19
20
21
22
23
24
25
26
27
28
29
30
31
32
33
34
35
36
37
38
39
110
41
40
41
42
43
44
45
46
47
48
49
50
51
52
53
54
55
56
57
111
41
42
2
3
4
5
6
7
8
9
10
11
12
13
14
15
16
17
18
19
20
42
112
42
21
22
23
24
25
26
27
28
29
30
31
32
33
34
35
36
37
38
113
42
43
2
3
4
5
6
7
8
9
10
11
12
13
14
15
16
17
18
19
43
114
43
20
21
22
23
24
25
26
27
28
29
30
31
32
33
34
115
43
44
2
3
4
5
6
7
8
9
10
11
12
13
14
15
16
17
18
44
116
44
19
20
21
22
23
24
25
26
27
28
29
30
31
32
33
34
117
44
45
2
3
4
5
6
7
8
9
10
11
12
13
14
15
16
17
45
118
45
18
19
20
21
22
23
24
25
26
27
28
119
45
46
2
3
4
5
6
7
8
9
10
11
12
13
14
15
16
17
18
19
20
46
120
46
21
22
23
24
25
26
27
28
29
30
31
32
33
34
121
46
47
2
3
4
5
6
7
8
9
10
11
12
13
14
15
16
17
47
122
47
18
19
20
21
22
23
24
25
26
27
28
29
30
31
123
47
48
2
3
4
5
6
7
8
9
10
11
12
13
14
15
16
48
124
48
17
18
19
20
21
22
125
48
49
2
3
4
5
6
7
8
9
10
11
12
13
14
15
16
17
18
19
20
21
22
23
49
126
49
24
25
26
27
28
29
30
31
32
33
127
49
50
2
3
4
5
6
7
8
9
10
11
12
13
14
15
16
17
50
128
50
18
19
20
21
22
23
24
25
26
129
50
130
1
2
3
4
5
6
7
8
9
10
11
12
13
14
15
16
17
18
19
1
131
1
20
21
22
132
1
2
2
3
4
5
6
7
8
9
10
11
12
13
14
15
16
17
18
2
133
2
19
20
21
22
23
24
25
134
2
3
2
3
4
5
6
7
8
9
10
11
12
13
14
15
3
135
3
16
17
18
19
20
21
22
136
3
4
2
3
4
5
6
7
8
9
10
11
12
13
14
15
16
17
18
4
137
4
19
20
21
22
23
24
25
26
27
28
29
30
31
138
4
5
2
3
4
5
6
7
8
9
10
11
12
13
14
15
16
17
5
139
5
18
19
20
21
22
23
140
5
6
2
3
4
5
6
7
8
9
10
11
12
13
14
15
16
17
6
141
6
18
19
20
21
22
23
24
25
26
27
28
29
30
142
6
7
2
3
4
5
6
7
8
9
10
11
12
13
14
15
16
17
7
143
7
18
19
20
21
22
23
24
25
144
7
8
2
3
4
5
6
7
8
9
10
11
12
13
14
15
16
17
8
145
8
18
19
20
21
22
23
24
25
26
27
28
29
30
31
32
146
8
9
2
3
4
5
6
7
8
9
10
11
12
13
14
15
16
17
18
9
147
9
19
20
21
22
23
24
25
26
27
28
29
30
31
32
33
34
35
148
9
10
2
3
4
5
6
7
8
9
10
11
12
13
14
10
149
10
15
16
17
18
19
20
21
22
23
24
25
26
27
28
29
150
10
11
2
3
4
5
6
7
8
9
10
11
151
11
12
2
3
4
5
6
7
8
9
10
11
12
13
14
15
12
152
12
16
17
18
19
20
21
22
23
24
25
26
27
28
29
30
31
153
12
32
33
34
35
36
37
38
39
40
41
42
43
44
45
46
47
48
49
50
154
12
51
155
12
13
2
3
4
5
6
7
8
9
10
11
12
13
14
15
13
156
13
16
17
18
19
20
21
22
157
13
14
2
3
4
5
6
7
8
9
10
11
12
13
14
15
16
14
158
14
17
18
19
20
21
22
23
24
25
26
27
28
29
30
31
159
14
15
2
3
4
5
6
7
8
9
10
11
12
13
14
15
16
17
18
19
15
160
15
20
21
22
23
24
25
26
27
161
15
16
2
3
4
5
6
7
8
9
10
11
12
13
14
15
16
162
16
16
17
18
19
20
21
22
23
24
25
26
27
28
29
30
31
32
33
34
163
16
35
36
164
16
17
2
3
4
5
6
7
8
9
10
11
12
13
14
15
16
17
165
17
18
2
3
4
5
6
7
8
9
10
11
12
13
14
15
16
17
18
166
18
18
19
20
21
22
23
24
25
26
27
167
18
19
2
3
4
5
6
7
8
9
10
11
12
13
14
15
16
19
168
19
17
18
19
20
21
22
23
24
25
169
19
20
2
3
4
5
6
7
8
9
10
11
12
13
14
15
16
17
18
19
20
20
170
20
21
22
23
24
25
26
171
20
21
2
3
4
5
6
7
8
9
10
11
12
13
14
15
16
17
18
19
21
172
21
20
21
22
23
24
25
26
27
28
29
30
31
32
33
34
35
36
173
21
22
2
3
4
5
6
7
8
9
10
11
12
13
14
15
16
17
22
174
22
18
19
20
21
22
23
24
25
26
27
28
29
30
31
175
22
23
2
3
4
5
6
7
8
9
10
11
12
13
14
15
16
17
18
19
23
176
23
20
21
22
23
24
25
26
27
28
29
30
31
32
33
177
23
24
2
3
4
5
6
7
8
9
10
11
12
13
14
15
16
17
18
24
178
24
25
2
3
4
5
6
7
8
9
10
11
12
13
14
15
16
17
18
19
20
21
22
25
179
25
23
24
25
26
27
28
29
30
31
32
33
34
35
36
37
38
39
40
180
25
26
2
3
4
5
6
7
8
9
10
11
12
13
14
15
16
17
26
181
26
18
19
20
21
22
23
24
25
26
27
28
29
30
31
32
33
34
35
36
37
182
26
27
2
3
4
5
6
7
8
9
10
11
12
13
14
15
16
17
27
183
27
18
19
20
21
184
27
28
2
3
4
5
6
7
8
9
10
11
12
13
14
15
16
17
28
185
28
18
19
20
21
22
23
24
25
26
27
28
29
30
31
32
33
34
186
28
35
36
37
38
39
40
41
42
43
187
28
29
2
3
4
5
6
7
8
9
10
11
12
13
14
15
16
17
18
19
29
188
29
20
21
22
23
24
25
26
27
28
29
30
31
32
33
34
35
189
29
36
37
38
39
40
41
42
43
44
45
46
190
29
30
2
3
4
5
6
7
8
9
10
11
12
13
14
15
16
17
30
191
30
18
19
20
21
22
23
24
25
26
27
28
29
30
31
32
33
34
35
36
192
30
37
38
193
30
31
2
3
4
5
6
7
8
9
10
11
12
13
14
15
16
17
18
31
194
31
32
2
3
4
5
6
7
8
9
10
11
12
13
14
15
32
195
32
16
17
18
19
20
21
22
23
24
25
26
27
28
29
30
31
32
196
32
33
34
35
197
32
33
2
3
4
5
6
7
8
9
10
11
12
13
14
15
33
198
33
16
17
18
19
20
21
22
23
199
33
34
2
3
4
5
6
7
8
9
10
11
12
13
14
15
16
17
34
200
34
18
19
20
21
22
23
24
25
26
27
28
29
30
31
32
33
34
201
34
35
202
34
35
2
3
4
5
6
7
8
9
10
11
12
13
14
15
16
17
18
19
20
21
35
203
35
22
23
24
25
26
27
28
29
30
31
32
33
34
35
204
35
36
2
3
4
5
6
7
8
9
10
11
12
13
14
15
16
36
205
36
17
18
19
20
21
22
23
24
25
26
27
28
29
30
31
32
33
34
35
36
37
38
206
36
37
2
3
4
5
6
7
8
9
10
11
12
13
14
15
16
17
18
19
20
37
207
37
21
22
23
24
25
26
27
28
29
208
37
38
2
3
4
5
6
7
8
9
10
11
12
13
14
15
16
17
18
38
209
38
19
20
21
22
23
24
25
26
27
28
29
30
31
210
38
39
2
3
4
5
6
7
8
9
10
11
12
13
14
15
16
17
18
19
39
211
39
20
21
22
23
24
25
26
27
28
29
30
31
32
33
34
35
36
37
38
39
212
39
40
41
42
43
213
39
40
2
3
4
5
6
7
8
9
10
11
12
13
14
15
16
17
18
19
20
40
214
40
21
22
23
24
25
26
27
28
29
30
31
32
33
34
35
36
37
38
215
40
216
1
2
3
4
5
6
7
8
9
10
11
12
13
14
15
16
1
217
1
17
218
1
2
2
3
4
5
6
7
8
9
10
11
12
13
14
15
16
2
219
2
3
2
3
4
5
6
7
8
9
10
11
12
13
14
15
16
17
3
220
3
4
2
3
4
5
6
7
8
9
10
11
12
13
14
15
4
221
4
16
17
18
19
20
21
22
23
24
25
26
27
28
29
30
31
222
4
32
33
34
35
223
4
5
2
3
4
5
6
7
8
9
10
11
12
13
14
5
224
5
15
16
17
18
19
225
5
6
2
3
4
5
6
7
8
9
10
11
12
13
14
15
6
226
6
16
17
18
19
20
21
22
23
24
25
26
27
28
29
30
227
6
7
2
3
4
5
6
7
8
9
10
11
12
13
14
15
16
17
18
7
228
7
19
20
21
22
23
24
25
26
27
28
29
30
31
32
33
34
35
36
229
7
37
38
230
7
8
2
3
4
5
6
7
8
9
10
11
12
13
14
15
16
17
18
8
231
8
19
20
21
22
23
24
25
26
27
28
29
30
31
32
33
34
35
232
8
36
233
8
9
2
3
4
5
6
7
8
9
10
11
12
13
14
15
16
17
18
9
234
9
19
20
21
22
23
24
235
9
10
2
3
4
5
6
7
8
9
10
11
12
13
14
15
16
10
236
10
17
18
19
20
237
10
11
2
3
4
5
6
7
8
9
10
11
12
13
14
15
16
17
18
19
20
21
22
11
238
11
23
24
25
26
27
28
29
30
31
32
33
34
35
36
37
38
39
40
239
11
41
42
43
44
45
46
47
240
11
12
2
3
4
5
6
7
8
12
241
12
13
2
3
4
5
6
7
8
9
10
11
12
13
14
15
16
17
18
13
242
13
19
20
21
22
23
24
25
26
27
28
29
30
31
32
33
34
243
13
35
36
37
38
39
40
41
42
43
44
45
46
47
48
49
50
51
52
53
244
13
54
55
56
57
58
59
245
13
14
2
3
4
5
6
7
8
9
10
11
12
13
14
15
14
246
14
16
17
18
19
20
21
22
23
24
25
26
27
28
29
30
31
32
33
247
14
34
35
36
37
38
39
40
41
42
43
44
45
46
47
48
49
50
51
248
14
52
53
54
55
56
57
249
14
15
2
3
4
5
6
7
8
9
10
11
12
13
14
15
16
17
15
250
15
18
19
20
21
22
23
24
25
26
27
28
29
30
31
32
33
251
15
16
2
3
4
5
6
7
8
9
10
11
12
13
14
15
16
252
16
16
17
18
19
20
21
22
23
24
25
26
27
28
29
30
253
16
31
32
33
34
254
16
17
2
3
4
5
6
7
8
9
10
11
12
13
14
15
16
17
255
17
18
2
3
4
5
6
7
8
9
10
11
12
13
14
15
16
17
18
19
18
256
18
20
21
22
23
24
25
26
27
28
29
30
257
18
19
2
3
4
5
6
7
8
9
10
11
12
13
14
15
16
17
18
19
19
258
19
20
21
22
23
24
25
26
27
28
29
30
31
32
33
34
35
36
37
259
19
20
2
3
4
5
6
7
8
9
10
11
12
13
14
15
16
17
20
260
20
18
19
20
21
22
23
24
25
26
27
261
20
21
2
3
4
5
6
7
8
9
10
11
12
13
14
15
16
17
18
19
20
21
262
21
21
22
23
24
263
21
22
2
3
4
5
6
7
8
9
10
11
12
13
14
15
16
17
22
264
22
18
19
20
21
22
23
24
25
26
27
28
29
30
31
32
33
265
22
23
2
3
4
5
6
7
8
9
10
11
12
13
14
15
16
17
18
23
266
23
19
20
21
22
23
24
25
26
27
28
29
30
31
32
33
34
35
36
267
23
37
38
39
40
41
42
43
44
268
23
24
2
3
4
5
6
7
8
9
10
11
12
13
14
15
16
17
18
19
20
24
269
24
21
22
23
270
24
25
2
3
4
5
6
7
8
9
10
11
12
13
14
15
16
17
18
25
271
25
19
20
21
22
23
24
25
26
27
28
29
30
31
32
33
34
35
36
37
272
25
38
39
40
41
42
43
44
45
46
47
48
49
50
51
52
53
54
55
273
25
26
2
3
4
5
6
7
8
9
10
11
12
13
14
15
16
17
18
19
20
26
274
26
21
22
23
24
25
26
27
28
29
30
31
32
33
34
35
36
37
38
39
40
275
26
41
42
43
44
45
46
276
26
27
2
3
4
5
6
7
8
9
10
11
12
13
14
15
16
17
18
19
27
277
27
20
21
22
23
24
25
26
27
28
29
30
31
32
33
34
278
27
279
1
2
3
4
5
6
7
8
9
10
11
12
13
14
15
16
17
18
19
20
21
22
1
280
1
23
24
25
26
27
28
29
30
31
32
33
34
35
36
281
1
37
38
39
40
41
42
43
44
45
46
47
48
49
50
51
52
53
282
1
54
283
1
2
2
3
4
5
6
7
8
9
10
11
12
13
14
15
16
17
2
284
2
18
19
20
21
22
23
24
25
26
27
28
29
30
31
32
33
34
285
2
3
2
3
4
5
6
7
8
9
10
11
12
13
14
15
16
17
18
19
20
3
286
3
21
22
23
24
25
26
27
28
29
30
31
32
33
34
35
36
37
38
287
3
39
40
41
42
43
44
45
46
47
48
49
50
51
288
3
4
2
3
4
5
6
7
8
9
10
11
12
13
14
15
4
289
4
16
17
18
19
20
21
22
23
24
25
26
27
28
29
30
31
32
33
290
4
34
35
36
37
38
39
40
41
42
43
44
45
46
47
48
49
291
4
5
2
3
4
5
6
7
8
9
10
11
12
13
14
15
16
17
5
292
5
18
19
20
21
22
23
24
25
26
27
28
29
30
31
293
5
6
2
3
4
5
6
7
8
9
10
11
12
13
14
15
16
17
6
294
6
18
19
20
21
22
23
24
25
26
27
295
6
7
2
3
4
5
6
7
8
9
10
11
12
13
14
15
16
17
18
19
20
7
296
7
21
22
23
24
25
26
27
28
29
30
31
32
33
34
35
36
37
38
39
40
41
42
43
44
297
7
45
46
47
48
49
50
51
52
53
54
55
56
57
58
59
60
61
62
63
64
65
66
298
7
67
68
69
70
71
72
73
74
75
76
77
78
79
80
81
82
83
84
85
86
87
88
299
7
89
300
7
8
2
3
4
5
6
7
8
9
10
11
12
13
14
15
16
17
18
8
301
8
19
20
21
22
23
24
25
26
302
8
9
2
3
4
5
6
7
8
9
10
11
12
13
14
15
16
9
303
9
17
18
19
20
21
22
23
304
9
10
2
3
4
5
6
7
8
9
10
11
12
13
14
15
16
17
18
10
305
10
19
20
21
22
23
24
25
26
27
28
29
30
31
32
33
34
35
36
306
10
11
2
3
4
5
6
7
8
9
10
11
12
13
14
15
16
17
11
307
11
18
19
20
21
22
23
24
25
26
27
28
29
30
31
32
33
308
11
34
35
309
11
12
2
3
4
5
6
7
8
9
10
11
12
13
14
15
16
12
310
12
13
2
3
4
5
6
7
8
9
10
11
12
13
14
15
16
17
18
19
20
21
22
23
13
311
13
24
25
26
27
28
29
30
31
32
33
312
13
14
2
3
4
5
6
7
8
9
10
11
12
13
14
15
16
17
14
313
14
18
19
20
21
22
23
24
25
26
27
28
29
30
31
32
33
34
35
36
314
14
37
38
39
40
41
42
43
44
45
315
14
15
2
3
4
5
6
7
8
9
10
11
12
13
14
15
16
17
18
19
15
316
15
20
21
22
23
24
25
26
27
28
29
30
31
32
33
34
35
36
37
317
15
38
39
40
41
318
15
16
2
3
4
5
6
7
8
9
10
11
12
13
14
15
16
16
319
16
17
18
19
20
21
22
23
24
25
26
27
28
29
30
31
32
33
34
35
320
16
36
37
38
39
40
41
42
43
44
45
46
47
48
49
50
321
16
17
2
3
4
5
6
7
8
9
10
11
12
13
17
322
17
18
2
3
4
5
6
7
8
9
10
11
12
13
14
15
18
323
18
16
17
18
19
20
21
22
23
24
25
26
27
28
29
30
324
18
31
32
325
18
19
2
3
4
5
6
7
8
9
10
11
12
13
14
15
16
17
19
326
19
18
19
20
21
22
327
19
20
2
3
4
5
6
7
8
9
10
11
12
13
14
15
16
20
328
20
17
18
19
20
21
22
23
24
25
26
27
28
29
329
20
21
2
3
4
5
6
7
8
9
10
11
12
13
14
15
16
17
18
21
330
21
19
20
21
22
23
24
25
26
27
28
29
30
31
32
33
34
35
331
21
22
2
3
4
5
6
7
8
9
10
11
12
13
14
15
16
17
22
332
22
18
19
20
21
22
23
24
25
26
27
28
29
30
31
32
33
34
333
22
35
36
37
38
39
40
41
334
22
23
2
3
4
5
6
7
8
9
10
11
12
13
14
15
16
17
23
335
23
18
19
20
21
22
23
24
25
26
27
28
29
30
336
23
24
2
3
4
5
6
7
8
9
10
11
12
13
14
15
16
24
337
24
17
18
19
20
21
22
23
24
25
338
24
25
2
3
4
5
6
7
8
9
10
11
12
13
14
15
16
17
18
25
339
25
26
2
3
4
5
6
7
8
9
10
11
12
13
14
15
16
17
18
19
20
21
26
340
26
22
23
24
25
26
27
28
29
30
31
32
33
34
35
36
37
38
39
40
41
42
341
26
43
44
45
46
47
48
49
50
51
52
53
54
55
56
57
58
59
60
61
62
342
26
63
64
65
343
26
27
2
3
4
5
6
7
8
9
10
11
12
13
14
15
16
17
18
27
344
27
19
20
21
22
23
345
27
28
2
3
4
5
6
7
8
9
10
11
12
13
14
15
16
17
18
28
346
28
19
20
21
22
23
24
25
26
27
28
29
30
31
347
28
29
2
3
4
5
6
7
8
9
10
11
12
13
14
15
16
17
18
19
29
348
29
20
21
22
23
24
25
26
27
28
29
30
31
32
33
34
35
36
37
38
349
29
39
40
350
29
30
2
3
4
5
6
7
8
9
10
11
12
13
14
15
16
30
351
30
31
2
3
4
5
6
7
8
9
10
11
12
13
14
15
16
17
18
31
352
31
19
20
21
22
23
24
25
26
27
28
29
30
31
32
33
34
35
36
37
38
39
353
31
40
41
42
43
44
45
46
47
48
49
50
51
52
53
54
354
31
32
2
3
4
5
6
7
8
9
10
11
12
13
14
15
16
32
355
32
17
18
19
20
21
22
23
24
25
26
27
28
29
30
31
32
33
34
356
32
35
36
37
38
39
40
41
42
357
32
33
2
3
4
5
6
7
8
9
10
11
12
13
14
15
16
17
18
19
20
21
22
23
24
25
33
358
33
26
27
28
29
30
31
32
33
34
35
36
37
38
39
40
41
42
43
44
45
46
47
48
49
50
51
52
359
33
53
54
55
56
360
33
34
2
3
4
5
6
7
8
9
10
11
12
13
14
15
16
17
18
19
34
361
34
20
21
22
23
24
25
26
27
28
29
362
34
35
2
3
4
5
6
7
8
9
10
11
12
13
14
15
16
35
363
35
17
18
19
20
21
22
23
24
25
26
27
28
29
30
31
32
33
34
364
35
36
2
3
4
5
6
7
8
9
10
11
12
13
36
365
36
366
1
2
3
4
5
6
7
8
9
10
11
12
13
14
15
16
17
18
1
367
1
19
20
21
22
23
24
25
26
27
28
29
30
31
32
33
34
35
36
37
38
368
1
39
40
41
42
43
44
45
46
369
1
2
2
3
4
5
6
7
8
9
10
11
12
13
14
15
16
17
18
2
370
2
19
20
21
22
23
24
25
26
27
28
29
30
31
32
33
34
35
371
2
36
37
372
2
3
2
3
4
5
6
7
8
9
10
11
12
13
14
15
16
17
3
373
3
18
19
20
21
22
23
24
25
26
27
28
29
374
3
4
2
3
4
5
6
7
8
9
10
11
12
13
14
15
16
4
375
4
17
18
19
20
21
22
23
24
25
26
27
28
29
30
31
32
376
4
33
34
35
36
37
38
39
40
41
42
43
44
45
46
47
48
49
377
4
5
2
3
4
5
6
7
8
9
10
11
12
13
14
15
16
17
18
19
20
5
378
5
21
22
23
24
25
26
27
28
29
30
31
32
33
379
5
6
2
3
4
5
6
7
8
9
10
11
12
13
14
15
16
17
6
380
6
18
19
20
21
22
23
24
25
381
6
7
2
3
4
5
6
7
8
9
10
11
12
13
14
15
7
382
7
16
17
18
19
20
21
22
23
24
25
26
383
7
8
2
3
4
5
6
7
8
9
10
11
12
13
14
15
16
8
384
8
17
18
19
20
385
8
9
2
3
4
5
6
7
8
9
10
11
12
13
14
9
386
9
15
16
17
18
19
20
21
22
23
24
25
26
27
28
29
387
9
10
2
3
4
5
6
7
8
9
10
11
12
13
14
15
16
17
10
388
10
18
19
20
21
22
389
10
11
2
3
4
5
6
7
8
9
10
11
12
13
14
15
16
11
390
11
17
18
19
20
21
22
23
24
25
26
27
28
29
30
31
32
391
11
12
2
3
4
5
6
7
8
9
10
11
12
13
14
15
16
12
392
12
17
18
19
20
21
22
23
24
25
26
27
28
29
30
31
393
12
32
394
12
13
2
3
4
5
6
7
8
9
10
11
12
13
14
15
13
395
13
16
17
18
396
13
14
2
3
4
5
6
7
8
9
10
11
12
13
14
15
16
17
18
19
20
21
22
23
14
397
14
24
25
26
27
28
29
398
14
15
2
3
4
5
6
7
8
9
10
11
12
13
14
15
16
15
399
15
17
18
19
20
21
22
23
400
15
16
2
3
4
5
6
7
8
9
10
11
12
13
14
16
401
16
15
16
17
18
19
20
21
22
402
16
17
2
3
4
5
6
7
8
9
10
11
12
13
14
15
17
403
17
16
17
18
19
20
404
17
18
2
3
4
5
6
7
8
9
10
11
12
13
14
15
16
17
18
18
405
18
19
20
21
22
406
18
19
2
3
4
5
6
7
8
9
10
11
12
13
14
15
16
19
407
19
17
18
19
20
21
408
19
20
2
3
4
5
6
7
8
9
10
11
12
13
14
15
16
20
409
20
17
18
19
20
410
20
21
2
3
4
5
6
7
8
9
10
11
12
13
14
15
21
411
21
16
17
18
19
20
21
22
23
412
21
22
2
3
4
5
6
7
8
9
10
11
12
13
14
15
16
17
18
22
413
22
19
20
21
22
23
24
25
26
27
28
29
30
414
22
23
2
3
4
5
6
7
8
9
10
11
12
13
14
15
16
17
18
23
415
23
19
20
21
22
23
24
25
416
23
24
2
3
4
5
6
7
8
9
10
11
12
13
14
15
24
417
24
16
17
18
19
20
21
22
418
24
25
2
3
4
5
6
7
8
9
10
11
12
13
14
15
16
17
18
25
419
25
19
420
25
26
2
3
4
5
6
7
8
9
10
11
12
13
14
15
26
421
26
16
17
18
19
422
26
27
2
3
4
5
6
7
8
9
10
11
12
13
14
15
16
17
18
19
27
423
27
20
21
22
23
24
25
26
424
27
28
2
3
4
5
6
7
8
9
10
11
12
13
14
15
16
17
28
425
28
18
19
20
21
22
23
24
25
26
27
28
29
30
31
32
33
34
426
28
35
36
37
38
39
40
41
42
43
44
45
46
47
48
49
50
51
427
28
52
53
54
55
56
57
58
59
60
61
62
63
64
65
428
28
66
67
68
429
28
29
2
3
4
5
6
7
8
9
10
11
12
13
14
15
16
17
29
430
29
18
19
20
21
22
23
24
25
26
27
28
29
431
29
30
2
3
4
5
6
7
8
9
10
11
12
13
14
15
16
30
432
30
17
18
19
20
433
30
31
2
3
4
5
6
7
8
9
10
11
12
13
14
15
16
31
434
31
17
18
19
20
21
22
23
24
25
26
27
28
29
30
435
31
32
2
3
4
5
6
7
8
9
10
11
12
13
14
15
16
17
18
19
20
32
436
32
21
22
23
24
25
26
27
28
29
30
31
32
33
34
35
36
37
38
39
40
41
437
32
42
43
44
45
46
47
48
49
50
51
52
438
32
33
2
3
4
5
6
7
8
9
10
11
12
13
14
15
16
33
439
33
17
18
19
20
21
22
23
24
25
26
27
28
29
440
33
34
2
3
4
5
6
7
8
9
10
11
12
34
441
34
442
1
2
3
4
5
6
7
8
9
10
11
12
13
14
15
1
443
1
16
17
18
444
1
2
2
3
4
5
6
7
8
9
10
11
12
13
14
15
16
2
445
2
17
18
19
20
21
22
23
24
446
2
3
2
3
4
5
6
7
8
9
10
11
12
13
14
15
16
3
447
3
17
448
3
4
2
3
4
5
6
7
8
9
10
11
12
13
14
15
16
17
4
449
4
18
19
20
21
22
23
24
450
4
5
2
3
4
5
6
7
8
9
10
11
12
13
14
5
451
5
15
452
5
6
2
3
4
5
6
7
8
9
10
11
12
13
14
15
6
453
6
16
17
18
19
20
21
22
23
24
25
26
27
454
6
7
2
3
4
5
6
7
8
9
10
11
12
13
14
7
455
7
15
16
17
18
19
20
21
22
23
24
25
26
456
7
8
2
3
4
5
6
7
8
9
10
11
12
13
14
15
8
457
8
16
17
18
19
20
21
22
23
24
25
26
27
28
29
30
31
458
8
32
33
34
35
459
8
9
2
3
4
5
6
7
8
9
10
11
12
13
14
15
16
17
9
460
9
18
19
20
21
22
23
24
25
26
27
461
9
10
2
3
4
5
6
7
8
9
10
11
12
13
14
10
462
10
15
16
17
18
19
20
21
22
23
24
25
26
27
28
29
30
463
10
31
32
33
34
35
36
37
38
39
40
41
42
43
464
10
11
2
3
4
5
6
7
8
9
10
11
12
13
14
15
11
465
11
16
17
18
19
20
21
22
23
466
11
12
2
3
4
5
6
7
8
9
10
11
12
13
14
15
16
17
18
19
20
21
22
12
467
12
23
24
468
12
13
2
3
4
5
6
7
8
9
10
11
12
13
14
15
16
17
18
13
469
13
19
20
21
22
23
24
25
26
27
28
29
30
31
32
33
470
13
14
2
3
4
5
6
7
8
9
10
11
12
13
14
15
14
471
14
15
2
3
4
5
6
7
8
9
10
11
12
13
14
15
472
15
15
16
17
18
19
20
21
22
23
24
25
26
27
28
29
30
31
32
33
34
35
36
37
38
39
40
41
42
43
473
15
44
45
46
47
48
49
50
51
52
53
54
55
56
57
58
59
60
61
62
63
474
15
16
2
3
4
5
6
7
8
9
10
16
475
16
17
2
3
4
5
6
7
8
9
10
11
12
13
17
476
17
14
15
16
17
18
477
17
18
2
3
4
5
6
7
8
9
10
11
12
13
14
15
18
478
18
16
17
18
19
20
21
22
23
24
25
26
27
28
479
18
19
2
3
4
5
6
7
8
9
10
11
12
13
14
15
16
17
18
19
20
21
22
19
480
19
23
24
25
26
27
28
29
30
31
32
33
34
35
36
37
38
39
40
41
42
43
44
45
46
481
19
47
48
49
50
51
482
19
20
2
3
4
5
6
7
8
9
20
483
20
21
2
3
4
5
6
7
8
9
10
11
12
13
14
15
16
17
18
19
21
484
21
20
21
22
23
24
25
26
27
28
29
30
31
32
33
34
35
36
37
38
39
40
41
42
43
485
21
44
45
486
21
22
2
3
4
5
6
7
8
9
10
11
12
13
14
22
487
22
15
16
17
18
19
20
21
22
23
24
25
26
27
28
488
22
29
30
31
32
33
34
489
22
23
2
3
4
5
6
7
8
9
10
11
12
13
14
15
23
490
23
16
491
23
24
2
3
4
5
6
7
8
9
10
11
12
13
14
15
24
492
24
16
17
18
19
20
21
22
23
24
25
26
27
28
29
30
31
32
493
24
33
494
24
495
1
2
3
4
5
6
7
8
9
10
11
12
13
14
15
16
17
1
496
1
18
19
20
21
22
23
24
25
26
27
28
29
30
31
32
33
34
35
497
1
36
498
1
2
2
3
4
5
6
7
8
9
10
11
12
13
14
15
16
17
2
499
2
18
19
20
21
22
23
500
2
3
2
3
4
5
6
7
8
9
10
11
12
13
14
15
16
3
501
3
17
18
19
20
21
22
23
24
25
26
27
28
29
30
31
502
3
4
2
3
4
5
6
7
8
9
10
11
12
13
14
15
16
17
4
503
4
18
19
20
21
22
23
24
504
4
5
2
3
4
5
6
7
8
9
10
11
12
13
14
15
16
17
18
5
505
5
19
20
21
22
23
24
25
26
27
28
29
30
31
506
5
6
2
3
4
5
6
7
8
9
10
11
12
13
14
15
6
507
6
16
17
18
19
20
21
22
23
24
25
26
27
28
29
30
508
6
31
32
33
34
35
36
37
38
39
40
509
6
7
2
3
4
5
6
7
8
9
10
11
12
13
7
510
7
14
15
16
17
18
19
20
21
22
23
24
25
511
7
8
2
3
4
5
6
7
8
9
10
11
12
13
14
15
16
17
8
512
8
18
19
20
21
22
23
24
25
26
27
28
29
30
31
32
33
34
35
513
8
9
2
3
4
5
6
7
8
9
10
11
12
13
14
15
16
17
9
514
9
18
19
20
21
22
23
24
25
26
27
28
29
30
31
32
33
515
9
34
35
36
37
38
39
40
41
42
43
44
45
46
47
48
49
50
516
9
51
52
53
54
55
56
57
517
9
10
2
3
4
5
6
7
8
9
10
11
12
13
14
15
16
17
18
10
518
10
11
2
3
4
5
6
7
8
9
10
11
12
13
14
15
16
11
519
11
17
18
19
20
21
22
23
24
25
26
27
28
29
30
31
520
11
32
33
34
35
36
37
38
39
40
521
11
12
2
3
4
5
6
7
8
9
10
11
12
13
14
15
12
522
12
13
2
3
4
5
6
7
8
9
10
11
12
13
14
15
13
523
13
16
17
18
19
20
21
22
23
24
25
524
13
14
2
3
4
5
6
7
8
9
10
11
12
13
14
15
14
525
14